88%   4967      0      0    4971  329294   2146    2307 158793       0      0     1s   100%  100%  Bf   19%       4      0      0       0      0       0      0
 86%   4549      0      0    4549  298238   1980    3248 182136       0      0     1s   100%   87%  Ff   19%       0      0      0       0      0       0      0
 89%   4625      0      0    4625  305464   1994    3944 204389       0      0     1s   100%   82%  2n   31%       0      0      0       0      0       0      0
 87%   4159      0      0    4159  274509   1834    2277 221069       0      0     1s   100%   63%  Ff   26%       0      0      0       0      0       0      0
 91%   5350      0      0    5350  351826   2253    3672 195932       0      0     1s   100%  100%  Ff   22%       0      0      0       0      0       0      0
 83%   4382      0      0    4474  288650   1941    1730 159968       0      0     1s   100%   92%  Ff   22%      92      0      0       0      0       0      0
 82%   4270      0      0    4270  281600   1901    2664 158372       0      0     1s   100%   91%  Ff   17%       0      0      0       0      0       0      0
 89%   4624      0      0    4624  305548   2001    2024 209033       0      0     1s   100%   90%  2n   27%       0      0      0       0      0       0      0
 88%   4495      0      0    4495  296551   1955    2479 214265       0      0     1s   100%   94%  Ff   28%       0      0      0       0      0       0      0
 85%   4343      0      0    4343  285851   1930    4064 187053       0      0     1s   100%  100%  Bf   21%       0      0      0       0      0       0      0
 87%   4580      0      0    4584  301937   2001    1749 154152       0      0     0s   100%   95%  Ff   19%       4      0      0       0      0       0      0
 92%   5072      0      0    5072  334538   2178    2427 188160       0      0     0s   100%   96%  B    26%       0      0      0       0      0       0      0
 84%   4243      0      0    4243  280462   1884    3417 163369       0      0     0s   100%   78%  Fn   20%       0      0      0       0      0       0      0
 92%   4599      0      0    4699  302637   1961    4044 283820       0      0     1s   100%  100%  Bf   29%     100      0      0       0      0       0      0
 86%   4842      0      0    4842  319685   2110    2261 123594       0      0     1s   100%   80%  Ff   19%       0      0      0       0      0       0      0
 CPU    NFS   CIFS   HTTP   Total     Net   kB/s    Disk   kB/s    Tape   kB/s  Cache  Cache    CP  CP  Disk   OTHER    FCP  iSCSI     FCP   kB/s   iSCSI   kB/s
                                       in    out    read  write    read  write    age    hit  time  ty  util                            in    out      in    out
 87%   4524      0      0    4524  297664   2004    3029 193646       0      0     1s   100%   90%  Ff   23%       0      0      0       0      0       0      0
 89%   4836      0      0    4836  319681   2120    1831 169696       0      0     1s   100%   89%  F0   21%       0      0      0       0      0       0      0
 86%   4144      0      0    4144  273359   1831    1940 197947       0      0     0s   100%   85%  Fn   29%       0      0      0       0      0       0      0
 89%   4735      0      0    4735  312719   2011    3889 259082       0      0     0s   100%  100%  Bf   30%       0      0      0       0      0       0      0
 86%   4529      0      0    4529  297800   1993     920 169446       0      0     0s   100%   90%  Ff   22%       0      0      0       0      0       0      0
 86%   4433      0      0    4437  293139   1999    1455 139539       0      0     1s   100%   80%  Ff   20%       4      0      0       0      0       0      0
 83%   4281      0      0    4281  281356   1910    1588 173960       0      0     1s   100%  100%  Ff   20%       0      0      0       0      0       0      0
 92%   4851      0      0    4851  320130   2006    1594 274622       0      0     1s   100%  100%  Bs   35%       0      0      0       0      0       0      0
 91%   4935      0      0    4935  325058   2125    3265 180212       0      0     0s   100%   75%  Ff   25%       0      0      0       0      0       0      0
 86%   4612      0      0    4612  304026   2004    2136 193864       0      0     0s   100%   94%  Ff   25%       0      0      0       0      0       0      0
 87%   4906      0      0    4912  325481   2111    2410 166720       0      0     0s   100%   83%  Ff   19%       6      0      0       0      0       0      0
 84%   4138      0      0    4138  271248   1816    2721 163023       0      0     0s   100%   84%  Fn   25%       0      0      0       0      0       0      0
 89%   4404      0      0    4404  290330   1886    2354 284274       0      0     0s   100%   96%  Fs   29%       0      0      0       0      0       0      0
 87%   4677      0      0    4677  306735   2042    2260 137716       0      0     0s   100%   76%  Ff   16%       0      0      0       0      0       0      0
 91%   4993      0      0    4993  328395   2123    2076 220519       0      0     0s   100%   96%  Ff   29%       0      0      0       0      0       0      0
 87%   4880      0      0    4884  322232   2083    1778 169411       0      0     0s   100%   87%  Fv   21%       4      0      0       0      0       0      0
 85%   4130      0      0    4130  272156   1806    1325 245497       0      0     1s   100%   89%  2n   27%       0      0      0       0      0       0      0
 92%   4816      0      0    4816  319521   2085    2161 222426       0      0     1s   100%   94%  Ff   27%       0      0      0       0      0       0      0
 92%   5406      0      0    5406  355194   2263    2403 180838       0      0     0s   100%  100%  Bf   22%       0      0      0       0      0       0      0
