entries  allocs destroys hash_grows  lookups hits  res_failed  rcv_probes_mcast rcv_probes_ucast  periodic_gc_runs forced_gc_runs unresolved_discards
0000000f  0000001e 00000033 00000001  000ff172 000fe4d4  00000014  00000000 00000000  00007b52 00000000 0000001c
0000000f  00000018 00000000 00000003  0000224a 00002232  00000044  00000000 00000000  00000000 00000000 00000090
0000000f  00000006 00000000 00000000  0000148a 00001484  0000000d  00000000 00000000  00000000 00000000 00000019
0000000f  00000006 00000000 00000000  00001434 0000142e  00000003  00000000 00000000  00000000 00000000 00000006
0000000f  00000000 00000000 00000000  00000000 00000000  00000000  00000000 00000000  00000000 00000000 00000000
0000000f  00000000 00000000 00000000  00000000 00000000  00000000  00000000 00000000  00000000 00000000 00000000
0000000f  00000000 00000000 00000000  00000000 00000000  00000000  00000000 00000000  00000000 00000000 00000000
0000000f  00000000 00000000 00000000  00000000 00000000  00000000  00000000 00000000  00000000 00000000 00000000
0000000f  00000000 00000000 00000000  00000000 00000000  00000000  00000000 00000000  00000000 00000000 00000000
0000000f  00000000 00000000 00000000  00000000 00000000  00000000  00000000 00000000  00000000 00000000 00000000
0000000f  00000000 00000000 00000000  00000000 00000000  00000000  00000000 00000000  00000000 00000000 00000000
0000000f  00000000 00000000 00000000  00000000 00000000  00000000  00000000 00000000  00000000 00000000 00000000
0000000f  00000000 00000000 00000000  00000000 00000000  00000000  00000000 00000000  00000000 00000000 00000000
0000000f  00000000 00000000 00000000  00000000 00000000  00000000  00000000 00000000  00000000 00000000 00000000
0000000f  00000000 00000000 00000000  00000000 00000000  00000000  00000000 00000000  00000000 00000000 00000000
0000000f  00000000 00000000 00000000  00000000 00000000  00000000  00000000 00000000  00000000 00000000 00000000
0000000f  00000000 00000000 00000000  00000000 00000000  00000000  00000000 00000000  00000000 00000000 00000000
0000000f  00000000 00000000 00000000  00000000 00000000  00000000  00000000 00000000  00000000 00000000 00000000
0000000f  00000000 00000000 00000000  00000000 00000000  00000000  00000000 00000000  00000000 00000000 00000000
0000000f  00000000 00000000 00000000  00000000 00000000  00000000  00000000 00000000  00000000 00000000 00000000
0000000f  00000000 00000000 00000000  00000000 00000000  00000000  00000000 00000000  00000000 00000000 00000000
0000000f  00000000 00000000 00000000  00000000 00000000  00000000  00000000 00000000  00000000 00000000 00000000
0000000f  00000000 00000000 00000000  00000000 00000000  00000000  00000000 00000000  00000000 00000000 00000000
0000000f  00000000 00000000 00000000  00000000 00000000  00000000  00000000 00000000  00000000 00000000 00000000
0000000f  00000000 00000000 00000000  00000000 00000000  00000000  00000000 00000000  00000000 00000000 00000000
0000000f  00000000 00000000 00000000  00000000 00000000  00000000  00000000 00000000  00000000 00000000 00000000
0000000f  00000000 00000000 00000000  00000000 00000000  00000000  00000000 00000000  00000000 00000000 00000000
0000000f  00000000 00000000 00000000  00000000 00000000  00000000  00000000 00000000  00000000 00000000 00000000
0000000f  00000000 00000000 00000000  00000000 00000000  00000000  00000000 00000000  00000000 00000000 00000000
0000000f  00000000 00000000 00000000  00000000 00000000  00000000  00000000 00000000  00000000 00000000 00000000
0000000f  00000000 00000000 00000000  00000000 00000000  00000000  00000000 00000000  00000000 00000000 00000000
0000000f  00000000 00000000 00000000  00000000 00000000  00000000  00000000 00000000  00000000 00000000 00000000
