entries  allocs destroys hash_grows  lookups hits  res_failed  rcv_probes_mcast rcv_probes_ucast  periodic_gc_runs forced_gc_runs unresolved_discards
00000002  00000ed6 00000ed5 00000002  00001c6f 00000d99  00000000  00000000 00000000  00007b51 00000000 00000000
00000002  00000000 00000000 00000000  00000000 00000000  00000000  00000000 00000000  00000000 00000000 00000000
00000002  00000001 00000000 00000000  00000002 00000001  00000000  00000000 00000000  00000000 00000000 00000000
00000002  00000000 00000000 00000000  00000000 00000000  00000000  00000000 00000000  00000000 00000000 00000000
00000002  00000000 00000000 00000000  00000000 00000000  00000000  00000000 00000000  00000000 00000000 00000000
00000002  00000000 00000000 00000000  00000000 00000000  00000000  00000000 00000000  00000000 00000000 00000000
00000002  00000000 00000000 00000000  00000000 00000000  00000000  00000000 00000000  00000000 00000000 00000000
00000002  00000000 00000000 00000000  00000000 00000000  00000000  00000000 00000000  00000000 00000000 00000000
00000002  00000000 00000000 00000000  00000000 00000000  00000000  00000000 00000000  00000000 00000000 00000000
00000002  00000000 00000000 00000000  00000000 00000000  00000000  00000000 00000000  00000000 00000000 00000000
00000002  00000000 00000000 00000000  00000000 00000000  00000000  00000000 00000000  00000000 00000000 00000000
00000002  00000000 00000000 00000000  00000000 00000000  00000000  00000000 00000000  00000000 00000000 00000000
00000002  00000000 00000000 00000000  00000000 00000000  00000000  00000000 00000000  00000000 00000000 00000000
00000002  00000000 00000000 00000000  00000000 00000000  00000000  00000000 00000000  00000000 00000000 00000000
00000002  00000000 00000000 00000000  00000000 00000000  00000000  00000000 00000000  00000000 00000000 00000000
00000002  00000000 00000000 00000000  00000000 00000000  00000000  00000000 00000000  00000000 00000000 00000000
00000002  00000000 00000000 00000000  00000000 00000000  00000000  00000000 00000000  00000000 00000000 00000000
00000002  00000000 00000000 00000000  00000000 00000000  00000000  00000000 00000000  00000000 00000000 00000000
00000002  00000000 00000000 00000000  00000000 00000000  00000000  00000000 00000000  00000000 00000000 00000000
00000002  00000000 00000000 00000000  00000000 00000000  00000000  00000000 00000000  00000000 00000000 00000000
00000002  00000000 00000000 00000000  00000000 00000000  00000000  00000000 00000000  00000000 00000000 00000000
00000002  00000000 00000000 00000000  00000000 00000000  00000000  00000000 00000000  00000000 00000000 00000000
00000002  00000000 00000000 00000000  00000000 00000000  00000000  00000000 00000000  00000000 00000000 00000000
00000002  00000000 00000000 00000000  00000000 00000000  00000000  00000000 00000000  00000000 00000000 00000000
00000002  00000000 00000000 00000000  00000000 00000000  00000000  00000000 00000000  00000000 00000000 00000000
00000002  00000000 00000000 00000000  00000000 00000000  00000000  00000000 00000000  00000000 00000000 00000000
00000002  00000000 00000000 00000000  00000000 00000000  00000000  00000000 00000000  00000000 00000000 00000000
00000002  00000000 00000000 00000000  00000000 00000000  00000000  00000000 00000000  00000000 00000000 00000000
00000002  00000000 00000000 00000000  00000000 00000000  00000000  00000000 00000000  00000000 00000000 00000000
00000002  00000000 00000000 00000000  00000000 00000000  00000000  00000000 00000000  00000000 00000000 00000000
00000002  00000000 00000000 00000000  00000000 00000000  00000000  00000000 00000000  00000000 00000000 00000000
00000002  00000000 00000000 00000000  00000000 00000000  00000000  00000000 00000000  00000000 00000000 00000000
