entries  in_hit in_slow_tot in_slow_mc in_no_route in_brd in_martian_dst in_martian_src  out_hit out_slow_tot out_slow_mc  gc_total gc_ignored gc_goal_miss gc_dst_overflow in_hlist_search out_hlist_search
00000053  00d2af85 000ec986 00000316 00000000 00000000 00000000 00000000  002ada3a 0000253a 00000000 00000000 00000000 00000000 00000000 000001f6 000054ae 
00000053  000000bf 0000000d 00000000 00000000 00000000 00000000 00000000  0005ce20 0000224a 00000000 00000000 00000000 00000000 00000000 00000000 000000e8 
00000053  00000025 00000002 00000000 00000000 00000000 00000000 00000000  00036ec2 0000148a 00000000 00000000 00000000 00000000 00000000 00000000 0000006a 
00000053  00000008 00000001 00000000 00000000 00000000 00000000 00000000  0002ed69 00001434 00000000 00000000 00000000 00000000 00000000 00000000 0000005d 
00000053  00000000 00000000 00000000 00000000 00000000 00000000 00000000  00000000 00000000 00000000 00000000 00000000 00000000 00000000 00000000 00000000 
00000053  00000000 00000000 00000000 00000000 00000000 00000000 00000000  00000000 00000000 00000000 00000000 00000000 00000000 00000000 00000000 00000000 
00000053  00000000 00000000 00000000 00000000 00000000 00000000 00000000  00000000 00000000 00000000 00000000 00000000 00000000 00000000 00000000 00000000 
00000053  00000000 00000000 00000000 00000000 00000000 00000000 00000000  00000000 00000000 00000000 00000000 00000000 00000000 00000000 00000000 00000000 
00000053  00000000 00000000 00000000 00000000 00000000 00000000 00000000  00000000 00000000 00000000 00000000 00000000 00000000 00000000 00000000 00000000 
00000053  00000000 00000000 00000000 00000000 00000000 00000000 00000000  00000000 00000000 00000000 00000000 00000000 00000000 00000000 00000000 00000000 
00000053  00000000 00000000 00000000 00000000 00000000 00000000 00000000  00000000 00000000 00000000 00000000 00000000 00000000 00000000 00000000 00000000 
00000053  00000000 00000000 00000000 00000000 00000000 00000000 00000000  00000000 00000000 00000000 00000000 00000000 00000000 00000000 00000000 00000000 
00000053  00000000 00000000 00000000 00000000 00000000 00000000 00000000  00000000 00000000 00000000 00000000 00000000 00000000 00000000 00000000 00000000 
00000053  00000000 00000000 00000000 00000000 00000000 00000000 00000000  00000000 00000000 00000000 00000000 00000000 00000000 00000000 00000000 00000000 
00000053  00000000 00000000 00000000 00000000 00000000 00000000 00000000  00000000 00000000 00000000 00000000 00000000 00000000 00000000 00000000 00000000 
00000053  00000000 00000000 00000000 00000000 00000000 00000000 00000000  00000000 00000000 00000000 00000000 00000000 00000000 00000000 00000000 00000000 
00000053  00000000 00000000 00000000 00000000 00000000 00000000 00000000  00000000 00000000 00000000 00000000 00000000 00000000 00000000 00000000 00000000 
00000053  00000000 00000000 00000000 00000000 00000000 00000000 00000000  00000000 00000000 00000000 00000000 00000000 00000000 00000000 00000000 00000000 
00000053  00000000 00000000 00000000 00000000 00000000 00000000 00000000  00000000 00000000 00000000 00000000 00000000 00000000 00000000 00000000 00000000 
00000053  00000000 00000000 00000000 00000000 00000000 00000000 00000000  00000000 00000000 00000000 00000000 00000000 00000000 00000000 00000000 00000000 
00000053  00000000 00000000 00000000 00000000 00000000 00000000 00000000  00000000 00000000 00000000 00000000 00000000 00000000 00000000 00000000 00000000 
00000053  00000000 00000000 00000000 00000000 00000000 00000000 00000000  00000000 00000000 00000000 00000000 00000000 00000000 00000000 00000000 00000000 
00000053  00000000 00000000 00000000 00000000 00000000 00000000 00000000  00000000 00000000 00000000 00000000 00000000 00000000 00000000 00000000 00000000 
00000053  00000000 00000000 00000000 00000000 00000000 00000000 00000000  00000000 00000000 00000000 00000000 00000000 00000000 00000000 00000000 00000000 
00000053  00000000 00000000 00000000 00000000 00000000 00000000 00000000  00000000 00000000 00000000 00000000 00000000 00000000 00000000 00000000 00000000 
00000053  00000000 00000000 00000000 00000000 00000000 00000000 00000000  00000000 00000000 00000000 00000000 00000000 00000000 00000000 00000000 00000000 
00000053  00000000 00000000 00000000 00000000 00000000 00000000 00000000  00000000 00000000 00000000 00000000 00000000 00000000 00000000 00000000 00000000 
00000053  00000000 00000000 00000000 00000000 00000000 00000000 00000000  00000000 00000000 00000000 00000000 00000000 00000000 00000000 00000000 00000000 
00000053  00000000 00000000 00000000 00000000 00000000 00000000 00000000  00000000 00000000 00000000 00000000 00000000 00000000 00000000 00000000 00000000 
00000053  00000000 00000000 00000000 00000000 00000000 00000000 00000000  00000000 00000000 00000000 00000000 00000000 00000000 00000000 00000000 00000000 
00000053  00000000 00000000 00000000 00000000 00000000 00000000 00000000  00000000 00000000 00000000 00000000 00000000 00000000 00000000 00000000 00000000 
00000053  00000000 00000000 00000000 00000000 00000000 00000000 00000000  00000000 00000000 00000000 00000000 00000000 00000000 00000000 00000000 00000000 
