93%   5811      0      0    5811  371597  12887   10097 124169       0      0     7    100%   56%  Ff   29%       0      0      0       0      0       0      0
 94%   5941      0      0    5948  378397  12893   13888 139084       0      0     7    100%   71%  Fs   37%       7      0      0       0      0       0      0
 89%   5553      0      0    5553  365201   2356    1645  92435       0      0     7    100%   44%  F    27%       0      0      0       0      0       0      0
 89%   5532      0      0    5532  352600  13028    9131  78038       0      0     7    100%   34%  F    19%       0      0      0       0      0       0      0
 90%   4787      0      0    4787  315769   2103    7908 150386       0      0     0s   100%   61%  Ff   34%       0      0      0       0      0       0      0
 88%   5340      0      0    5340  340396  12949    8724  79784       0      0     0s   100%   57%  F    33%       0      0      0       0      0       0      0
 84%   4837      0      0    4842  306756  12722    8980  77628       0      0     0s   100%   31%  F    20%       5      0      0       0      0       0      0
 80%   4314      0      0    4314  286017   1941    3679  77671       0      0     7    100%   32%  F    21%       0      0      0       0      0       0      0
 86%   4887      0      0    4887  308704  12621   11105 142266       0      0     7    100%   50%  Ff   37%       0      0      0       0      0       0      0
 84%   4842      0      0    4842  319888   3083    3884  89837       0      0     7    100%   54%  Fv   32%       0      0      0       0      0       0      0
 88%   5668      0      0    5668  352351  12435    7976  78034       0      0     0s   100%   47%  F    26%       0      0      0       0      0       0      0
 84%   4743      0      0    4747  294995  12426    8268  75236       0      0     0s   100%   31%  F    20%       4      0      0       0      0       0      0
 90%   4807      0      0    4807  304579  12704   13260 143936       0      0     7    100%   51%  Ff   36%       0      0      0       0      0       0      0
 90%   5484      0      0    5484  362717   2389    3817  79936       0      0     7    100%   55%  F    27%       0      0      0       0      0       0      0
 84%   4811      0      0    4811  304309  12689    9144  73868       0      0     7    100%   36%  F    22%       0      0      0       0      0       0      0
 93%   4885      0      0    4885  319207   5287    7766 141986       0      0     7    100%   69%  Ff   31%       0      0      0       0      0       0      0
 85%   5083      0      0    5088  325994   9587    7782  82451       0      0     7    100%   43%  F    26%       5      0      0       0      0       0      0
 CPU    NFS   CIFS   HTTP   Total     Net   kB/s    Disk   kB/s    Tape   kB/s  Cache  Cache    CP  CP  Disk   OTHER    FCP  iSCSI     FCP   kB/s   iSCSI   kB/s
                                       in    out    read  write    read  write    age    hit  time  ty  util                            in    out      in    out
 82%   4776      0      0    4783  303494  12648    8152  76012       0      0     7    100%   27%  F    18%       7      0      0       0      0       0      0
 81%   4709      0      0    4709  310498   2060    3764  76056       0      0     7    100%   29%  F    22%       0      0      0       0      0       0      0
 89%   5011      0      0    5011  317896  12681   10252 122256       0      0     7    100%   43%  Fs   26%       0      0      0       0      0       0      0
 96%   6190      0      0    6190  396966  13013   10341  99394       0      0     7    100%   63%  F    35%       0      0      0       0      0       0      0
 95%   5990      0      0    5994  394512   2469    5905 149905       0      0     7    100%   55%  Fv   36%       4      0      0       0      0       0      0
 98%   6968      0      0    6968  447754  11274    6709  97916       0      0     7    100%   50%  Fn   28%       0      0      0       0      0       0      0
 96%   6092      0      0    6092  402638   4614    7587 129260       0      0     7    100%   56%  F    42%       0      0      0       0      0       0      0
 95%   5999      0      0    6098  380800  12971   11077 142813       0      0     0s   100%   56%  Ff   29%      99      0      0       0      0       0      0
 97%   6796      0      0    6796  440071  11618    7027  79409       0      0     0s   100%   68%  F0   29%       0      0      0       0      0       0      0
 95%   6073      0      0    6073  396561   4121    6438 146264       0      0     7    100%   70%  F    41%       0      0      0       0      0       0      0
 89%   5533      0      0    5533  353031  12852    7952  74325       0      0     7    100%   49%  Fn   22%       0      0      0       0      0       0      0
 86%   4904      0      0    4904  321625   2110    6721 148548       0      0     7    100%   57%  F    37%       0      0      0       0      0       0      0
 90%   5206      0      0    5206  331690  12889    9136  74284       0      0     7    100%   44%  F    27%       0      0      0       0      0       0      0
 85%   5098      0      0    5098  336286   2225    4168  74932       0      0     7    100%   31%  F    21%       0      0      0       0      0       0      0
 86%   4579      0      0    4589  289235  12509   10860 129436       0      0     7    100%   47%  Fs   28%      10      0      0       0      0       0      0
 91%   5852      0      0    5852  373143  12992   11045  89742       0      0     7    100%   47%  F    35%       0      0      0       0      0       0      0
 84%   4870      0      0    4870  321155   2138    3068  74432       0      0     7    100%   61%  F    25%       0      0      0       0      0       0      0
