00000000000000000000000000000000 60 00000000000000000000000000000000 00 00000000000000000000000000000000 00000400 00000000 00000000 00200200       lo
00000000000000000000ffff00000000 60 00000000000000000000000000000000 00 00000000000000000000000000000000 00000400 00000000 00000000 00200200       lo
20020a00000000000000000000000000 18 00000000000000000000000000000000 00 00000000000000000000000000000000 00000400 00000000 00000000 00200200       lo
20027f00000000000000000000000000 18 00000000000000000000000000000000 00 00000000000000000000000000000000 00000400 00000000 00000000 00200200       lo
2002a9fe000000000000000000000000 20 00000000000000000000000000000000 00 00000000000000000000000000000000 00000400 00000000 00000000 00200200       lo
2002ac10000000000000000000000000 1c 00000000000000000000000000000000 00 00000000000000000000000000000000 00000400 00000000 00000000 00200200       lo
2002c0a8000000000000000000000000 20 00000000000000000000000000000000 00 00000000000000000000000000000000 00000400 00000000 00000000 00200200       lo
2002e000000000000000000000000000 13 00000000000000000000000000000000 00 00000000000000000000000000000000 00000400 00000000 00000000 00200200       lo
3ffeffff000000000000000000000000 20 00000000000000000000000000000000 00 00000000000000000000000000000000 00000400 00000000 00000000 00200200       lo
fe800000000000000000000000000000 40 00000000000000000000000000000000 00 00000000000000000000000000000000 00000100 00000000 00000000 00000001      em1
00000000000000000000000000000000 00 00000000000000000000000000000000 00 00000000000000000000000000000000 ffffffff 00000001 00000009 00200200       lo
00000000000000000000000000000001 80 00000000000000000000000000000000 00 00000000000000000000000000000000 00000000 00000001 00002eb3 80200001       lo
fe80000000000000d6ae52fffe6f9b99 80 00000000000000000000000000000000 00 00000000000000000000000000000000 00000000 00000001 00000000 80200001       lo
ff020000000000000000000000000001 80 00000000000000000000000000000000 00 ff020000000000000000000000000001 00000000 00000000 00000002 01000001      em1
ff000000000000000000000000000000 08 00000000000000000000000000000000 00 00000000000000000000000000000000 00000100 00000000 00000000 00000001      em1
00000000000000000000000000000000 00 00000000000000000000000000000000 00 00000000000000000000000000000000 ffffffff 00000001 00000009 00200200       lo
