Num       RefCount Protocol Flags    Type St Inode Path
ffff8800bbdf6c80: 00000007 00000000 00000000 0002 01 7900679 /dev/log
ffff88012a7829c0: 00000002 00000000 00010000 0001 01 12990734 /omd/sites/site01/tmp/apache/fcgid_sock/19961.8
ffff88012b48acc0: 00000002 00000000 00010000 0001 01 154109 /var/run/rpcbind.sock
ffff88012802c980: 00000002 00000000 00010000 0001 01 11964209 /omd/sites/site01/tmp/run/rrdcached.sock
ffff8801281ab3c0: 00000002 00000000 00010000 0001 01  7307 @/com/ubuntu/upstart
ffff880037a80980: 00000002 00000000 00010000 0001 01 12037983 /omd/sites/site01/tmp/apache/fcgid_sock/19961.6
ffff8801281ab6c0: 00000002 00000000 00000000 0002 01  7443 @/org/kernel/udev/udevd
ffff8800bbc0b6c0: 00000002 00000000 00010000 0001 01 12688255 /omd/sites/site01/tmp/run/live
ffff8801272fa3c0: 00000002 00000000 00010000 0001 01  8631 /var/run/dbus/system_bus_socket
ffff880128059680: 00000002 00000000 00010000 0001 01 10969 public/cleanup
ffff88012980b6c0: 00000002 00000000 00010000 0001 01 10976 private/tlsmgr
ffff880129254080: 00000002 00000000 00010000 0001 01 10980 private/rewrite
ffff880127e74980: 00000002 00000000 00010000 0001 01 10984 private/bounce
ffff88012807e380: 00000002 00000000 00010000 0001 01 10988 private/defer
ffff8801272fa6c0: 00000002 00000000 00010000 0001 01 10992 private/trace
ffff880128211080: 00000002 00000000 00010000 0001 01 10996 private/verify
ffff880127e74680: 00000002 00000000 00010000 0001 01 11000 public/flush
ffff88012a799680: 00000002 00000000 00010000 0001 01 11004 private/proxymap
ffff88012a79acc0: 00000002 00000000 00010000 0001 01 11008 private/proxywrite
ffff88012a79a3c0: 00000002 00000000 00010000 0001 01 11012 private/smtp
ffff88012a79d980: 00000002 00000000 00010000 0001 01 11016 private/relay
ffff88012a79d080: 00000002 00000000 00010000 0001 01 11020 public/showq
ffff88012a79f6c0: 00000002 00000000 00010000 0001 01 11024 private/error
ffff88012a7a0c80: 00000002 00000000 00010000 0001 01 11028 private/retry
ffff88012a7a0380: 00000002 00000000 00010000 0001 01 11032 private/discard
ffff88012a7a29c0: 00000002 00000000 00010000 0001 01 11036 private/local
ffff88012a7a20c0: 00000002 00000000 00010000 0001 01 11040 private/virtual
ffff88012a7a3680: 00000002 00000000 00010000 0001 01 11044 private/lmtp
ffff88012a7a5cc0: 00000002 00000000 00010000 0001 01 11048 private/anvil
ffff88012a7a53c0: 00000002 00000000 00010000 0001 01 11052 private/scache
ffff88012980b3c0: 00000002 00000000 00010000 0001 01 12990717 /omd/sites/site01/tmp/apache/fcgid_sock/19961.7
ffff8801292e3080: 00000002 00000000 00000000 0002 01 13022652
ffff8800bbc65680: 00000002 00000000 00000000 0002 01 13013196
ffff88012807ec80: 00000002 00000000 00000000 0002 01 11966246
ffff8801295246c0: 00000002 00000000 00000000 0002 01 11964211
ffff88012a7a7680: 00000002 00000000 00000000 0002 01 8931359
ffff88012a782cc0: 00000002 00000000 00000000 0002 01 4329019
ffff880128059980: 00000002 00000000 00000000 0002 01 3611138
ffff880128059c80: 00000002 00000000 00000000 0002 01 3593434
ffff88012af8bc80: 00000002 00000000 00000000 0002 01 3584146
ffff88006ad6d080: 00000002 00000000 00000000 0002 01 3475464
ffff880037ae76c0: 00000002 00000000 00000000 0002 01 156625
ffff88012af8b380: 00000002 00000000 00000000 0002 01 53510
ffff880129524cc0: 00000002 00000000 00000000 0002 01 15529
ffff8801292d46c0: 00000003 00000000 00000000 0001 03 11600 /var/run/dbus/system_bus_socket
ffff8801292e3680: 00000003 00000000 00000000 0001 03 11599
ffff8801292e3380: 00000003 00000000 00000000 0001 03 11576 /var/run/dbus/system_bus_socket
ffff880129301980: 00000003 00000000 00000000 0001 03 11575
ffff88012a7a7c80: 00000003 00000000 00000000 0001 03 11055
ffff88012a7a50c0: 00000003 00000000 00000000 0001 03 11054
ffff88012a7a56c0: 00000003 00000000 00000000 0001 03 11051
ffff88012a7a59c0: 00000003 00000000 00000000 0001 03 11050
ffff88012a7a3080: 00000003 00000000 00000000 0001 03 11047
ffff88012a7a3380: 00000003 00000000 00000000 0001 03 11046
ffff88012a7a3980: 00000003 00000000 00000000 0001 03 11043
ffff88012a7a3c80: 00000003 00000000 00000000 0001 03 11042
ffff88012a7a23c0: 00000003 00000000 00000000 0001 03 11039
ffff88012a7a26c0: 00000003 00000000 00000000 0001 03 11038
ffff88012a7a2cc0: 00000003 00000000 00000000 0001 03 11035
ffff88012a7a0080: 00000003 00000000 00000000 0001 03 11034
ffff88012a7a0680: 00000003 00000000 00000000 0001 03 11031
ffff88012a7a0980: 00000003 00000000 00000000 0001 03 11030
ffff88012a79f0c0: 00000003 00000000 00000000 0001 03 11027
ffff88012a79f3c0: 00000003 00000000 00000000 0001 03 11026
ffff88012a79f9c0: 00000003 00000000 00000000 0001 03 11023
ffff88012a79fcc0: 00000003 00000000 00000000 0001 03 11022
ffff88012a79d380: 00000003 00000000 00000000 0001 03 11019
ffff88012a79d680: 00000003 00000000 00000000 0001 03 11018
ffff88012a79dc80: 00000003 00000000 00000000 0001 03 11015
ffff88012a79a0c0: 00000003 00000000 00000000 0001 03 11014
ffff88012a79a6c0: 00000003 00000000 00000000 0001 03 11011
ffff88012a79a9c0: 00000003 00000000 00000000 0001 03 11010
ffff88012a799080: 00000003 00000000 00000000 0001 03 11007
ffff88012a799380: 00000003 00000000 00000000 0001 03 11006
ffff88012a799980: 00000003 00000000 00000000 0001 03 11003
ffff88012a799c80: 00000003 00000000 00000000 0001 03 11002
ffff880127c713c0: 00000003 00000000 00000000 0001 03 10999
ffff880127c716c0: 00000003 00000000 00000000 0001 03 10998
ffff880127e74080: 00000003 00000000 00000000 0001 03 10995
ffff8801272fa9c0: 00000003 00000000 00000000 0001 03 10994
ffff880129254c80: 00000003 00000000 00000000 0001 03 10991
ffff8801272facc0: 00000003 00000000 00000000 0001 03 10990
ffff8801272fa0c0: 00000003 00000000 00000000 0001 03 10987
ffff880127e74380: 00000003 00000000 00000000 0001 03 10986
ffff880129254680: 00000003 00000000 00000000 0001 03 10983
ffff880129254380: 00000003 00000000 00000000 0001 03 10982
ffff88012980bcc0: 00000003 00000000 00000000 0001 03 10979
ffff88012980b9c0: 00000003 00000000 00000000 0001 03 10978
ffff8801281ab0c0: 00000003 00000000 00000000 0001 03 10975
ffff880127c719c0: 00000003 00000000 00000000 0001 03 10974
ffff88012807e080: 00000003 00000000 00000000 0001 03 10972
ffff88012807e680: 00000003 00000000 00000000 0001 03 10971
ffff880128059080: 00000003 00000000 00000000 0001 03 10968
ffff880128059380: 00000003 00000000 00000000 0001 03 10967
ffff88012a7823c0: 00000003 00000000 00000000 0001 03 10965
ffff88012a7820c0: 00000003 00000000 00000000 0001 03 10964
ffff880128211680: 00000002 00000000 00000000 0002 01 10924
ffff88012807e980: 00000003 00000000 00000000 0001 03  8643 /var/run/dbus/system_bus_socket
ffff880127e74c80: 00000003 00000000 00000000 0001 03  8642
ffff880128211c80: 00000003 00000000 00000000 0001 03  8636
ffff880128211980: 00000003 00000000 00000000 0001 03  8635
ffff880127c71cc0: 00000003 00000000 00000000 0002 01  7459
ffff8801281ab9c0: 00000003 00000000 00000000 0002 01  7458
