0000	80863403	f	               0	               0	               0	               0	               0	               0	               0	               0	               0	               0	               0	               0	               0	               0	
0008	80863408	39	               0	               0	               0	               0	               0	               0	               0	               0	               0	               0	               0	               0	               0	               0	pcieport
0018	8086340a	3a	               0	               0	               0	               0	               0	               0	               0	               0	               0	               0	               0	               0	               0	               0	pcieport
0038	8086340e	3b	               0	               0	               0	               0	               0	               0	               0	               0	               0	               0	               0	               0	               0	               0	pcieport
0048	80863410	3c	               0	               0	               0	               0	               0	               0	               0	               0	               0	               0	               0	               0	               0	               0	pcieport
0050	80863411	3d	               0	               0	               0	               0	               0	               0	               0	               0	               0	               0	               0	               0	               0	               0	pcieport
00a0	8086342e	0	               0	               0	               0	               0	               0	               0	               0	               0	               0	               0	               0	               0	               0	               0	
00a1	80863422	0	               0	               0	               0	               0	               0	               0	               0	               0	               0	               0	               0	               0	               0	               0	
00a2	80863423	0	               0	               0	               0	               0	               0	               0	               0	               0	               0	               0	               0	               0	               0	               0	
00d0	80863a37	11	               0	               0	               0	               0	            fc21	               0	               0	               0	               0	               0	               0	              20	               0	               0	uhci_hcd
00d1	80863a38	12	               0	               0	               0	               0	            fc41	               0	               0	               0	               0	               0	               0	              20	               0	               0	uhci_hcd
00d7	80863a3c	13	        df0fd000	               0	               0	               0	               0	               0	               0	             400	               0	               0	               0	               0	               0	               0	ehci_hcd
00e0	80863a40	3e	               0	               0	               0	               0	               0	               0	               0	               0	               0	               0	               0	               0	               0	               0	pcieport
00e8	80863a34	15	               0	               0	               0	               0	            fc61	               0	               0	               0	               0	               0	               0	              20	               0	               0	uhci_hcd
00e9	80863a35	14	               0	               0	               0	               0	            fc81	               0	               0	               0	               0	               0	               0	              20	               0	               0	uhci_hcd
00ea	80863a36	15	               0	               0	               0	               0	            fca1	               0	               0	               0	               0	               0	               0	              20	               0	               0	uhci_hcd
00eb	80863a39	14	               0	               0	               0	               0	            fcc1	               0	               0	               0	               0	               0	               0	              20	               0	               0	uhci_hcd
00ef	80863a3a	15	        df0fe000	               0	               0	               0	               0	               0	               0	             400	               0	               0	               0	               0	               0	               0	ehci_hcd
00f0	8086244e	0	               0	               0	               0	               0	               0	               0	               0	               0	               0	               0	               0	               0	               0	               0	
00f8	80863a16	0	               0	               0	               0	               0	               0	               0	               0	               0	               0	               0	               0	               0	               0	               0	
00fa	80863a25	3f	            fc11	            fc09	            fc19	            fc0d	            fce1	        df0ff000	               0	               8	               4	               8	               4	              20	             800	               0	ahci
0100	14e4163b	24	        da000004	               0	               0	               0	               0	               0	               0	         2000000	               0	               0	               0	               0	               0	               0	bnx2
0101	14e4163b	30	        dc000004	               0	               0	               0	               0	               0	               0	         2000000	               0	               0	               0	               0	               0	               0	bnx2
0718	102b0532	a	        d9800008	        de7fc000	        de800000	               0	               0	               0	        de000002	          800000	            4000	          800000	               0	               0	               0	           10000	
